$ANSIBLE_VAULT;1.1;AES256
63376535656332616666393866396138626262306364653532663839613931356136376363663438
3963396539306139383561656432656366333763353365630a336439343566383431306333333763
32323037643337346165613465393361396131623762613034643761356435373638613737313165
3236306135623439370a346362393166613438613566353363343733353632613736306166373730
64316531623864656632313462633839636239396432313161656163336164396464306235313138
35323763313231303630303737313235323533376263326261386131666434336138386461316432
64336131336265616234636138636165666538636239623439396237393732356438343638316465
36303536313539316634643563353863396563623666633538316363326530333930326162313363
61626433633964653238343133333666373038313466643764613535636237636635353163346632
36633436386265646339653236643339643838346535313961633533663362316562623964323335
65643935326436383662343063303931336431333133376131353462633037646532626466343161
39393736383563363066653030643638373837656434653962623966616634643233613631613565
61626465656532306563623665343461653561303964663836626233393930353032343830353464
37373136386363393632343465373963613465373766633738303564626231306234373062356531
38336430623736373665643364303139623766646261616661393731623131303534336262663964
64376265646133303533373831616465623533646230333435666636386632633539323236623434
34323666326563616235303965616432326463323639326566396465386439663739613334333836
35386234616665376366313438383630316230633937626663643463313335373734623361646134
32663263623036303463616536333634643932306331613365666638643333666164633834653439
38643966316564343135643734393630343939613033366137663237626666313861303333623138
63386635393565323666383261366333356532393035643265383634303965326265643166366232
65666339343036366338663039356565363331333762343563616435353561626633656361663835
37626366643939656235336632323036653737393936363266636465623934623966323934656331
30323363616135393361333766376536646135373966653638623030353733386561653836326466
30643633623163653937666462333335326432373965383132383831306539393832623437316431
63613266633635653066333135383330383461316434623538346536393131333430396237643131
66303262633065653862653239656636646665386662363731666234386531316236386434373933
63333235343561623231616262656332363935333337633662353030393034633930343965633437
37376332356437393039393631323066333438363162326366383661623161613462626366343238
65623036646636666661356633393135636338396636663937613836623633626664623365666163
61323863333863643531373437306435326333343730393162643464633531316334383431663938
37646637653565343564343764313738623165303463666630666339373362613562336162373362
39303463396530366164386335336131333563666538636232306263623234326639396630343435
37636563653535393539663336323461666433356631346139336237376437656161303564366234
66643430646361303664626432663830346637353231396632373635303731326633373636356161
39326530643266396263383938353164336235633366386434326363386365353730646139656263
63383533343032653235383865346363613531663535346533316537643932643662303932663461
64666536643630623232383938633437396562626134343964346663323037396435636238636562
65343537313434303464303565666166623130643666616530643231393662613938386164363039
61343266663164323861623031653531333739346634336664336330303136636566313430633662
30353936313731663436343831356166363530383165653430343866613532663536653433313438
31643930333432623639653535663436636538353036656434363962373764633036343835326433
30356131393939356465383539363732333733303239313263643930373364393038626137633766
30386535383235373934363736373361326539346639623061343763636639376135356335306433
30393062653663313462633235363530656630393165663531343861366235636336646565303139
30356665353464353166646332653861613833333832323266656262366539623766393464383162
34616132616630363763316539303036346430626435613232663935343832313239323962613338
65626431613061643362333662333038323633623334373763313166613738373966396538643562
39653962613338323630353033366330643530613438313631616634353830356536613337356233
63666661396632306634663465663033353132363939313764323561343632636666646464623536
35383130326365656637323434633666666130373037323064333438663364613339313862633835
61373332353334306361363338636331633631306663663664663532386564613136333633366135
65333665386466666263343064373333323665343232316433623536623934383234376633393238
62646365323963613036663530393266303765336662353530366132663436336266653536313733
39396135303062303332666364386336316537366264393862303831626364663332613164333030
62393234343461303034393561393439633938306331316262353539633962316238633638393465
34356532383864363031616165343664323635663663336263393264376164626336383336663833
62386264613032393033636234336137326634306362653831623735386439323137336531613461
31313731346437663066663137343663643562343232313035656134396339333963663830316664
32333236383239633735633131643031393134343335303934633339343738353637343837313466
39653630653137663264653662313061346130333330386438363861383534306339616265393236
33623135643964616664613736323638663332393266633235643938666538613131616361316264
63306563356637383939323565633133613531353762623266373037336236333362643134666139
64613061383835366432366166323437383132623265623964393163633936666233626535626131
66616465326536323665336232613966376664323037363966643465333039623832326131616631
64633936376161616163656264366635323739663338373563663138643164643066303936363037
38636364333561313262386134313564343562303035613539313066373231363034656539626238
64613062663233613933343761623365643331656530373561343636383862303765386363613937
37613864346536653863623637383137643931396464313165363964326462646337663634643963
33303839663766653635313764643638643232393466333439333164666564393364303139326236
30353134623439363138396132376130383066343964336438353961356262613438303031643438
34363835353532333532633237346364373232396238663861343535653732656562393862626662
35346335323135633231643833633633656434316162653564396565333266383630396235366563
64333836653265373733636630656131313639333461643665633465386538303765616663663339
34363761323865636264393035323965316132663839323435366330326665646465653638393936
31383362316337656430383561323663333936373033666239303462323935633663626339353834
32343461333634326334626435346439386238323734333937376436343331336233356334646265
30363537323434346234373130376236363238303061643534313430336636343736313333363330
32383634633466366465333534613664303232303839336437613830373134343434343336613933
32313362636433653163646534633261326138653635623833653432363539633963666465363935
39646132303638353834373038313332396161623038383936326238306238363665313333353664
35633461383239363237346162333033336439313965643336323338333036376165313833633931
38303566353535396562333037663436643731653064373538646636333131336338373932396465
38353631376464356162653163313664613866366133323065336336376230386435366635356336
38643633636430623437613131653864626430636561623766336239373438393930366438623339
39646133623666333736656166643133326366306164656632613733366130643738373832333265
64663933386532373638336631333232636166643139666661383561326434303934663736316130
66316630363666646533336435363665313137643333386161316163333361346564663838636535
66316436363164343136363830323832343833313364663134643734363739306635333662633932
30363564626535376439333366626230313536366463393761356664336666303232306334343863
65643632306132333830636635333630633663353163356534306339626335373131306463643662
62383436343138316538343933393438663435383332316661396634313235633439333461313638
36643863646336313164663130313838353566666363363433333166656561646262626530353061
32356266663461623465643235616639376364653634386565633865643631333033373835333438
66306166656665353261613466656632323361353931613438343831626637346233376331633835
31313338633965663934666166666333386438326264613566663232643131643436643965373839
30313434663337303138336534373662313863373666646132376363366238623533376435326435
63363038346566326134346138303538363235633034613130343739343761306636323034343433
33326564363033393162643634343836613132346337656632343937633130623939666361396335
37616535386436656263643839613334313863306239353135373763376461373834303234663263
31356162326435353537376532663030326535363065306631653335613765316662646230303338
63626130383761613165306636616666373762393734373336343535346661333564643862383732
36396538376261633034386438373362616431623333623630323234333366386362326536313766
37663736396137636562373636346461623934383236626163346637343631656363366638653630
35343930373637656335616231666434653637386363373164663331373863323762346637613465
38326365386636313730383966346233333635336164393062383132626634393737343530383865
34623630356639363431383863393933393339326333613932366138626632393266623232383733
65343561343136313235313734353434383862316463323239363861373363303635333666326361
39623534323136663731316138326366303261336363343932396433366233303531633737653634
33353339303935303439626133613532376236616235653163303435623665363837363664396333
36663531326333396365346566396162303036386661373761633231303038663361323663646432
66303863333838613862646562643130336538376539643936326666306639666163313230313861
32396266663030663966326638633031323336336438626561393462333134666330353838343966
39333037303834393231613438313330346234613131363434306662363137303735303363333534
65366434623333386539626535643366353536373233386263623137356166323765626633646334
62623136326631383536306437663130376161306239656430336437373461623463373162313932
34353931663461326636663462386534396430383039326633346439656335303135626666366664
35326461343634363165653663636239376435646465313932643833626465353433656237313837
35313734393131626536343433383838663931643431353864393537383135373162353338626565
32313563386563346662383063383236643364633237663765356362643961653335633238313136
38666164646238633235343539396564623731633764393230333562383534383936333030393132
64306563393164363838643562396432666661373666653937313435393866316261313136323432
61376366653962313735386363333230333564343864383564363031613939323764633466613361
30323039383137313033333733323231333932356237366437313437623166373533663965383432
33613761633865336339656330633465396365346161653065656366376266323466613338356564
34376432633665393739633166643037363336623235663365633030653938623836383266666161
39396238346331646166613762333332366162623735303261376237363864353731353730333731
30343436623034663535393330663439393339373135613039356562653463623462383563306266
66623132373361643837656335313661653665653366393634396135643561383661653533343537
32623034323237326233353664353961386165646264336562633137373737346662643238363565
62303962313864383238666565386165333232653332353161626239363233323533363036326135
34613462643837336534343438613734623132653435656564383565353630393835393238393039
36323434316530363139323431386337636231313061373663643663373366323634656232313863
35643530373734636235353838363565396338316639333864393833623933633339363437356661
38373639333739363432626566313939323932643062336234333162313464383338663331653562
66653733613839643939656137383166323639633333623265393437366132316361323430613831
62386237333061653831663339343230323438316332623831346531333838336230336665633666
36303265336231616635343734643564393062663636316163313938643437323437663361663933
36643561623762393639653339643963643930653666643361363731376430383761636437396562
37633733303661613462623834396133353362306465336564363333373466346533376337373764
39616538316539386134326336393938313733353030613738353563383537636235613337613438
63346634353936353237356230653633646437623162366231663830383135636236633734346133
39623365636332393433656639336130396262366631623262623930643330313264393465316237
65326662643234663861313339373533616630396234343131653438653766653831393231353063
64333230616235323562376264346334316336343361653736363130396637643964646332633635
38666263663631326535323564336362636462333036336134383731633439353831346165646463
36396331653430313536303936303662613464653038633134376263656338353832643730623766
33623932663733326435663339656561316532303731643636376137363531396164396431656335
62313762313838663430353831313563633031353634616661383737383832363037373834396465
38353565616232313332333062386464623436643564313566663539346264396263373964323365
61633663363530613864663163336435333461663537656164393566343562303363316639373538
37636132343364653237666564643234336362386234376337306236326566613566393935303933
66626334613063333337326565363364653139306339333262336366313637386530386261386362
62343661363331346133343531616337646535376530396532663761663863663265366265353430
36313731636432626637333836333336336336663234353766636331343865393862303565303533
33346166646165636663376162626663303936343231356238333438643834663265643133656262
65346230326633393661343733663430366364386633613934616533353734366466343033633533
33316165643932393439356137366566383364643365656136353535636334346661303134346265
66653436396564643561343437303364646537376139346237326634366264643030373335396637
39633531333134663836323735346634663632313230613065656539646664653666326333313062
31333161346663623865313838346634303766656533363163626366316362316330303763373666
38363836346533326233626530663231386531353164366431326438326335653931646364333764
36326661393763333836376562386334346364653437383863306637376432393237303530383461
30383966633535656234353266643965303863663164323461633664656636336563333365323361
65306134653262326665653930306336633462356361376537333338383838396661636334303135
38303131656563316437343464623537613738333138663436393363613065646265623138376665
35316166616533336133626266623239353931303833323465323030323938646662303739336130
31336664306563653030333066396431303462326333656336366139653431663535666132656435
31376236633435666463323739313865626231316562356135363536643437613764353933383165
36396235366333386363626538353536616634633835663634386464313739333633313636343539
35343864336464383665653032613832326261666431343261383532613138653731656561666235
65366137343937363964343166633935386437353934613031383539656464376465353330393030
61633130646262313239636638636637396437386330663333333861333030376366
