$ANSIBLE_VAULT;1.1;AES256
34653164376137613464616665393163663131663165346638616436333934306336663066353138
3630313364323833616431653932616661653033316339630a376538633738363333613531333238
64623536306133323732656530336365366139393635613464303539323634346661333035303839
6163383965383030660a633162656265393662316364366438386262633732656239383162363562
36346139366263396437393866366432353164373832333334313566333162386630396632356634
37306331666538323531363636383364306137366462663865666362303330323231643166653065
62626133613736363961626637646164353536346238326239316136373338366138643534393061
66636136646261336366653065376431346534653437343436313937643531666635373436323365
64656366346461346137356534613635633762656437396164646235356538366465333335383233
63336562653533323636363537393937613263666262633139333063636663373166386338633563
35636431653965336132653036323337643961336165356639633466326164373434646563343961
61653635663061613062616636643333386431363732373162396233326163366461646133373937
31383066386461303332326636663039663065666532366233623764306266343863663038343533
61626434346139396330633131633831346634653836306466313063303133633132303364633932
30623034393933313933653462393162643563663434396439313738356466336432393431613538
34366538646538346366346139333865623837303936656663393733393630353031656565656266
31616339663131353236366665346462663038346130323765383764646565303033353837363263
35613864313534663965393766323839386435313138333161613934363536373838303631653430
63396562343562383631376537376562353862353061316536613066303966363263323364613630
65316436303834643435633136373462646364643537646262666633663631303036353530333066
36356433326231313036356264313761613939323030383365666563626462396339633536316530
65666361373966613738336130343437333739333734346466373366373236343963663132373433
65646565316531326334333933326466663132343439373961336534346264383736626561636231
34323338313132613238353338353565616439313465346532303832336332336237616163653266
36663564316264363665383864386336613737663162663531313564346361343732343837626333
37643766346233633335353164343236613138336334353832366464346161376338616130326339
34343632353130313736643239333830623539393164643734633661383630303236373538363763
36336636383036353965663966613535663033376135396234623538666631343264343665653833
66613531663461656234316239356161346332633665333339393966663337383863383437346138
31326630626534333461343565643331616138393436613337373533383465383435303162613636
39393536353963396334633466363164663536636137313839646532393430313033386634373339
66343663383734643630303433313164386233626161663165353438346464643264356232623161
35386661633238626133356430343962343438366239316137343765313132646435343638653630
65303962313133383866636434613839383538333665323462333662666666646364373065633664
32323235393261626534653532323062656465643730323835653736383833623737666538633335
62393137623162323935393031646266333266343039336331306631333165316432613034363363
37636438643362333763643936316361626535646432316166383464613936346631363364333434
32313635636334363831366465643264386430383238313235303336663464316234386137626536
34646639663030653833373935343932373533646564626436616562623635363135613661623933
66643038356335376366343063633235316233666436313136366563633931643338616262663362
37316337643464623431633961646664643336393339396266616235373137323764656330303731
36363432383334633831646663336665386131313963663538363838303134316463373930366536
61323263643963646464646230653531616636663862356264626630376635343133383262306334
36366535653963633661643239313736626435666564666236633433326165316333656662326132
35616263316339386530306533663431663733643464373334363139383162316163313431333531
34326437306230623332643331333832336330373630343532663062353864323431306133656130
31383135363964373764373965656639623162323065613964613561646632633264326263393366
65626566653764643735656164333533613666626539373939323563313433333764323634386264
62336238623463383765643933616565346532366536393663303231663736626661656139373131
66346433373333643730353733393937393765646331306435303765383533356136666535343132
63663031306532383439613962323037326239373465323563363137356137353662313864333764
36363237386333306634333735666636306133656131633766636634316361613533376631363263
34393635313335326431616635376632316262363661373361353437636531373239353036303939
34343133313665343431373031366164663133316230383939633539613165363463306438306662
66653738363138333364303133623232343636316331666365313666373262626665356661636433
35383834313731313762343766363235646365346565643564386430336339303032386134383263
33336133336539326164333537656338346665346331663139393933336436303835343535363866
31326239663366306639633333626262643965363437313065383835376436643836626130303664
30306530383330353562666339373064633430353162396136356464376135656438316266363536
62623036666266366665383037633633623536383064663365373363333838616235643235353234
30363937666262393063613061623637636162343465336639306333613537653365363064616265
38303932316665623162386334633535616435363232393764613334326136636633333639353635
63353365373430393137353530313538346664633931633634323666396366656331366133616434
37663236343162623938643663303332343165326664643834633039383632363631316166343835
35326237613535353533393433396539643537343464656531626435323430633436316334326333
65383665346462396634663963313136623664383635623363656233333530656333663233353765
35373563616338613034663130393836653939363130626266346431663734366435366630343538
61626561643830343339303034623136633233656334626335353136656132303464366261343666
30626132373030333130613439616262346365373334383539386530323365383035303434333430
62336337346565306539376638383535643030393530376634343732383032643033313937623333
63386566383737386337323661376532306333656564393162306236623362663433323034656366
34616635366535653761623030363766373864626636643935653464623837313634353331663432
37343036353565643561306437316665393330363931373933376633613036356261636638653535
35343565383937303262663338303036656534373435333466666332656135336530373635323963
32333161303464653530303234343731303136623335653133613861323732633361353635386437
33313939653333386564636130613532373264356638306639613033306264383434663832643262
31346465613365303836396331373263323033356134313562663333343838323137613639343465
36633562383932616461326531643763303961633430326161653736336135656634643533353130
64373661613930343139366530313230363462616134306234383137343138646138386535663231
31383262333138316639613735313165626132666336333362316664383437366364633736386333
34353835313661373339343438666435653162313963393631623862616266316135343838626564
64313132396365316335666665356638626263376265643463303266306235663435346637663333
31633363633331393365626231643634663432333832353562373731623764363035643237653764
32386436366335643437346534616361646530663131316439613762306363316334363031383531
66383133366236653830656539343736636363323966616233346338623164633632613365346431
63656434383833383635323138303736353035313962666632373433613663313063373035656232
31376434663861356264363131383937623638386165363833363765386535653235373135343638
36336538363261306466363039313062383632653663343530386265313763636433336163303465
38363262353438363835633663316532633932633534326534626564623136346161396536366330
65663134353964666330366336383362643734366631333837623738386135373133353237313561
38386163633536363632313861353933663530666537393531626632643666303665663538393431
36343233326432343636633735363434336134633864326532386662316162333536646361666336
66353265323331313734313434663238393333323230356365663038623936633533343934303433
36653333646135663233343039313031326530376333313838666466613438666363613630383237
34613265346635363833316439626431336438336637663330326135373039303662653231373163
34326262323866393366393233626363373439323466363339303732323738393365363564393865
32313635383765663338663332646465363362646362666136616431633638366163623766373562
66623237363934366438616337336564383766376662626332346232393630336363376165346265
65653637303866643065653033636232643064376233323166353734386537616539393562323339
61663861623763303164623035346635663236636237393134336563643462613132666632646530
32323536373635383964653032376361313130326234336339326562633665663765653333363665
32386662303365353664366231343432666433633639373030353261616339646163356132356662
33363039643637653165646665353639333639333565313762623431316661323863366132633962
37303965306661663631333935363231636666383235326438373235336263623866653866613663
31663465333837643035313832306538333730666261633066316336333032353139336636373161
36636536353239376539356430636162663264346662386137353030373439383263383464623437
35343635366436636166383238663732313336306131383734633138623361636162633032623431
62663361303066643136623363393430346262376434366331396664626137363136343231336466
61343837326433623637363762663738643139356131643762383034623566303530346335633933
65643032326134373534633739326330303233636237313338363239376436313166376438633634
33626131613537663230636631383662616439653362303466666431303832363133656666616464
35373166346338356539306231313137343230333638306566363532326163396232373138306138
35616230363262343364326130646263363131303135356264613432623732626262643565373762
66336236633130663035313431663239396236313031363038626537666435343430646165346337
39613737353438646163353464333333393836343131653537393634653138366435306365643036
35633331353261626466376136666562653131396338346239653832633334633331656263336566
34633364346133623338356235333731663065376631333835386132653634313332396238383533
38373566373766666363633237613631626262656438343836363261633965623239373232336561
30666362353333376332313863333066336539323633633838623030653833653737653465346134
30356231323164653165323235346665666462666235313132386465353431663636663663373662
64333461616363666336666430646430653161363466333932633562643863643562383934646237
34633465643663316164653030373761356437363466626566306230653463353735376364336638
33303435393863666533353264376466326330303439363732613639663733316333336563383334
38393663366664323665373563613166653861643031363530656330313331343435363936326333
62373930336331343633623033666337306239663533336664653634333032353333656534336634
37316635346532303939653764626536336430356665383037303366656434323765633739363465
64323165643135656337356533633161613639623835306439636133343434323333666665363635
63363335383937663736383263653666653237613137303532653963636634313835663532633434
39653439303663656562393433393333306666373636343136333663646332633335356435616466
36613566663834663336656664666336313962373566376265316438643731343433666264313437
35656430343135666664356264383337633635656231303337396634316364353636646565393333
31393832366136356334313064336663313361343931326562653864396661313963656566373436
38643138653830616235616531336464383339356366643834363637633364343766366231303038
32343866343033626166353535356330633561383631303634656230643630663062366261333334
30643932353434363334313834386239613866353933306537353930646630613830643732353433
39303664663732306631356661633666613864316230393862306362666363616230386336323139
38623534616131316539356462653036613934613639376138353861626138323539616661333231
34383336303539643334623062626230346464643066383062353930663638653134326239393437
38353564653333616336626261636137396134653932373766643933356239656636303062653736
61373562363136363431323861633062306438656565663233643530366539643236303663393535
36386535363965363136346131303039613861353761623339336637663761383731613735376130
31373864343136366663353333376364393335383566313835376361343138346566626162356337
38336632396631326362643862353464306162396631303933613134336466666632383766386531
34613134373834336263356262656532613439343136313462386362383233386233653665613564
65383563626534376537316634633932386436613733613166353333373435366166323437663733
31623637323433326430303435386461386334646432396466636636613662393937346632396164
36376537316234356230386130666536636264333562653432643235386238323166643736653033
63616437643238356638623362343036376334383663386264373763343738653536373335623339
39343733666137623462633961653464306238393234323733363336333734306565306136663830
31376231613939366535326266316565363566353864323463346538636262316536373839376630
39303435363133336464316464626236343532383565393430323162366539333764653236356362
33333763333434373838343136376663623239323035393665613031366232613365333165646163
64363039663532313066623162333863353961356366613261306261393230666166376633663066
62616433346363353339623166333961633965626437356437666161653034663130653136343038
38343237336362613835633438363335386436313132386234376235353032313431336236383533
62636536393135323864336633313563333538646237656365336332643062343731653338353663
65653333343439626366613533353237633066366562613032356437653737633763346530343466
36613337366335356530306439343066623336346161376338663431303262613339373530613861
65663436363433636662356130376265633036626463366637303463396463323036656562383063
33646163636165623037366664366436343038393661303562396137336564616131613465623136
62303930623363366461626532333639653332393434356439303837306539656265393836636665
38636231643036653063353462653539636632316664313063306365653735633735626434666666
32373731643538383663306534666234363430306337336166613761336534343432303166303934
37643932366530373734343964393765363062626463613734333339353261613739323232343334
32646232656165323136316537323430613763333934363132366436653434313966633530363665
35326634666137653931373662623239386532633262303737643434373535353738353762646430
35393837323337353261326565316537316665343263376439303433313537393336373033396134
63653365383365346565333631396366643961643639323562313330323236386234633361396364
63306234333634313735396538623839363339333466643437613665323635303834373433376430
61346666323238363337646534333436383836353233316137663965343761323263646534363838
66316139396664306461326437353533303566356463613164653635626136633632363966376331
34643566383161353934653430623938303735616530346339666665373462393539333232383931
38393439343637343064353935623236653532363432633930316265303737666439
