$ANSIBLE_VAULT;1.1;AES256
31636631363965306634616562373563666561326563373332313539336234323663316665363863
3332366538316437366664383637386364376666363239640a326632346239626266336530373866
66323333346665353331613966656438313635623237333132306163643636353161353831656636
3239646433376630640a366636326533613636303239383963396633323961323932633161613338
36623738356635656435343032323364393531353332623966366461383338616434623635643663
64653137343832626564383632663132623731613762666437643338623863346661636562613366
36393365613434383364613630613032306432396661623462303837383337613730386532346332
39653066616535396539363633363337313261646538346562663839386434383563636631653232
61356532306433323838333265346262363734323038356435356332613734656632616165633664
62643132376465343137323132316433333166366232383236343936663232623261313836653663
33396263613932306439646366643736393936386235353039306639376134353463643134306430
36326665363461366433613537326265396464326133383931393730306335666537303862333966
65656539636534316261383531623739656361633331363431643162353734323166363562386565
38316134393835316635653530346538363664353762666330336239323365663838656334366432
37396535623061616335643839356166333365666334613339366463623735666161346535633762
63323138386265313963323530626464383032323537646139613266373766663539346538336135
30316462343362353539643939633834323332373936393231356238313364626636353531653032
64626131313833343235623531623434396238363363313438666332373335396238353130636362
38633537643938613265653330366230393539623161663862306330356532393365323664633139
65666435316566346632653238373465323464633163616263613134376635616562613639343464
30383935656332333034363266323133396164623366376236333932336333363135613661633833
63653938636531396130646536613363393939376564316361313236663137616366383532333766
32643365363930633864656632663635623936323365663865313662373734626366643135333735
39343365626237326136653335326538373233373035663363383365393436333130353031346164
39373137666631343866646439633634656133323635333630616565393565363162396336653863
36616566633137393837636536386335616664623738306464353963373761316234613164396530
30656165336666353330326263393336363565363862313163303633663866353066313131643866
36656362316137646437346665386561383333306330353236646661663436363038386236383762
37383166336531653661656163393261356131623763663166353633353861316435326531393865
39646233666266363864303365336330663237633561613536633832393239616335353634323630
66376338356433393765353063633835366239663366646635303565306539316163306163326537
34383664303539326333333831383265333765356339663633386466323836663966613839646437
63656366653864306261633534333034323165313233633230303430346233316465363735663035
30333066333762393662646630666162636432343630636563633335356464656233626236656133
35383865376135663238646166623264376231623761636437636632396261353363316232663766
66616164333533373836313965373035353638336262363839306536656239313366366466356138
66636233336535316264333361626162633637643032383930343861343062393362366366616234
39313631623836623662393562383565383431303864616237663161333464326332386536633861
38323630303162313234333233646238343733653436636633316631343631653630633433313338
38616437623332373563376630333233616632363534393264386263623433363362623137316463
37346562396161343834666465373937393864373038646538313930613464656363393061613732
66623936396362316535373262326536653664333432303464616134303262626261313730346535
61636166663661306466353735643331653465623465626262653766323031613039333935323835
35633465353233333033316438656535386338313539323364666262323535393463323965363537
66653233316431633565383662653262383662383934346362613665373165336665306237646538
65353964643037316565326636366135313735323535383338656666663662306539343631386132
36613839326437656133396362313439323465343531643262623239636562643535333666326266
65386336383536306262646261333939626366356131353165633933383135316666386562323436
31336265383930356238343432386463373433646637376131343633623066393334393362616261
38636361666231313037633233626461633132383766343863396339303939343061303361643131
65633061326566346162613666383438643466386334363936343264396633666332613963346231
66653837363431356138616635353936653336356635333931376533326438633733323632323137
32396664323937376430656331393439636366323237363237646633366431363762613037353630
35373764353839333438326663313464663537643730633863393538653662323838653537633536
38323165396431306633613333316562363865336232353835356137616262343265353039393634
64393830346135653839623662353664623662303730326139646365623837313739333363643661
39626231653931383463643135633137393433386130343138656563376262393238353031633238
33376635333264393363666633656161656463323966346235643835353966666337636639396461
65366236373961623430306532303635626236323062336434303637333334323630613738613633
61626639386364623837633031653538336265623034393263626638303832666138353239393436
30623663343665386266313038613535623339326335646139316632343431303734343739306338
35373265306233333033643134373337313734323263306536326333663230303466393034396537
33323236653037653733393638643563336437333736633864646232316464346437363434613963
64616135323434643264323734343936393332353930323762323432353939386165643561336535
66333831393439633263303334363339666566323631386264646230343539336330393562313337
63373561346263393563313432306564336134316465333530396465646336396431643037366261
37616531626463353635666438313363316336356639643963626131656230306661316134346566
38356466363035646135636665653164336262663138386165643361613761633334646239396231
63653632396136343537303933366163393835336335393136643936666131303031656131343939
38363733346436646165636338666331313361626362646262353064656139653536626263323633
38626364663264646531313839646662613133346632366234316166626432313438313236653439
36333735323330663938306466316435376464653631626230643634643130646238313637333962
37333031616665636638343436386366363930313839393130333131383863616131666438356563
39623461613966353830373038663336666432386433343637626639386234373163396662393434
30613865343837656264623433343430316131356536393832393133633161326161383939373362
35636639376565303066353736663230323438383936353636353035366130356433633661303834
61653466316366313261306362613562336165643037656462346661653637633332346635363738
63643438646161353263393933663835316637613232376233376537623161356332363137363632
36646237653539393161383364396638396165323238326332356662376138313734656163313965
32383465343661633336386362643730353964656239636639623465373362353737626432643831
39343830393238376134343636376330323065303034646433656339323466343338626437326635
34373131366332356161613863646335643261663431333132366265656534323636323838663433
62323932353137323364306664366163656436396238653336373336363561636237613436663061
66636339346337613939653537366632323135343138323530633362333332653635353130363336
30653137636566373731306432363839653639343538333134346134353236636164373133623261
32616238306436356237613864653466653861313333366564356231363531303134343565393736
31633030313361326162613639396262613266333730386630663561326563643438376438663532
62346566633961636338393434666234623264616363333366376332646539333666356131366634
32323163333962656232633131323333623732636563633037386665396337613861386563656535
38643266663533653639623836303231376537393661626130643866366439633634653438363738
66363866313665363930363034646532623631353537353133646539326665653533616439343665
63393038613233613764636663613330363266633939343333363162336531353535363762633634
38356266383936633239633661346137383862396435663365653538336537663532663263333065
30636632653435623331366432623137353037626437356137396264363637616532656461623936
62363638373037366266376535633865383665373530623634616232626236646466326462663864
31343337343532373734393561643439373637613166306437636234626466663731336262336336
31363364373365303438343237623735393835313036303762663165643563653830623965643361
33316338623865643232373264373165666164366631613433333966336130346434303736643065
34386434373965366132363563656632633839666239626331626635666162666265336163646236
39366330306466656662623234386363636332376335363736343331343537313334623033303138
34353133626666626432383966326164323239353364663261313962333830653262363061343264
33386337303236376539313732333333646537653962646437663766653964346130663731343565
39376330373333303364353563346262663465393663613631663463306635313136383239313135
32613639333539343866336435356533643137356637343134663234303635383432323538303432
39363037376237376462303862383033646638643763393130656232333938396133656665636366
31653436353834303363653036366534653236613933646531343239303434326165663433303565
36643135353634363739313030616363366562616232626137353366616333396163623736616539
30343065626439333266303637303033363865386365663130353362666166616137363337373137
31633832653438653139386333373235356533666164633331346461663633373739323835656435
61393133653037386636393336653665663335373362316563313337366235636263633366313065
37633639663762656139616335383564653564636535313830346237343863626261653034616631
38633632653732303637333761376362613563633864356339383933343735376539616239653831
31376162613739303834383432393839353166393766393030393232643663323432393566663937
33663462363737366531616262376133623131626334383738336333313833623466373331306232
33333362353466633433663762623765633539393863353362343164396130313639616232396139
66356339333836343265393237353165666461343231336637356263656139323465643365313536
31633439333332323165623837333431666565633533306433353232616133633265316335616538
64366363343130623462343462383532653835633339636662626631313362373165313735386635
35643137383536376430653438653535333463643533633864316632373138373335353964623037
66393239343038393063653335313637626365613463343039303133316663373431386539393766
37386531636135316139303462383963613539326435343564393534323234616139633339396566
32396137656436396136326139616434633766383531623166666239643833383338386466643266
65353762623539633563386133626137393536393364646664643761333830366235313939653735
31663061346662393236326435313261626566343935626530393539356635313438643231393262
63323633363433393632383133666436646566343033306636366661366337656164353966393939
61666434643232646136363234616438663537653464393766366132656438633334616231613765
38613162623064356666623461613937333163313531656565363661663961656134623737666535
30383938616535666330326135373038363565613934346535393133663932626263323230613664
64626463623233326335393139646562613236326538303138363731623662383264366461386536
31366365303564613236323266356434373965363138653666623637306634623230636336376464
36333965613538376431373537653939646165316538306236313739353734613636386638306634
62643732646437323534623137386232383835396266396435393232336665353666383164356132
31656230653033353163666334636666643730366663333939373563306161393535366562333363
65663337663139626136343230613161653162366261333266373932356165376338306563666530
61623031363032323335333935653064323937663064373863613265383164643938333061306466
63376261653539313262323138393966336434333634393231343431303662343861636537633036
36653039303265303439616532303066653362376361316335626633313061346532616637663937
33636431616636643662656163383561613535616335323831353630326464303731373561653630
65333732316536303539363363363330613365333163333336323632313263306430323762313038
34376239393634393734393632373430643130383665303464383938313736323637626338396166
62646230666465613937343665623062396231316332396337356139336335633339376165663539
37646638306533663731393163653332373933666633636466376661393138616164323439316364
36656634623064323236353437363334316137333032646166343364623639396439643539326339
63363639316233616365666331343438313931613061316138623830633463303664316238323166
61386433666664373031656562373632363035353364383930383535326137656237363937613934
64643637383862373264366366356166333932353863626336316230646363653038393133623135
38663738373437633164613339303733326165323330323738373439363237653962336465623664
65613334666334393838333361633134653164356462643665656361653333643464663135653637
64643030643532353161653138333534356531656535383036353062303436373763616531643031
30356430636563626563653763346561373432313066313333646532363861306465623935313130
63343732646538666639336465343735343230383765303633616132373234656637616539313663
33393438666138336138353362353034363465366164396430376439623639396665373362303532
39383936616164313534363533626335353734313232633666306133623631623132366162393261
35313938373933636261386339383936306337376466333838343961656631373862353337333664
37366333343834366465386563653934306237663534646363653763346534656133356635616231
30323464376665656630646335393330373635626136316131626431316663623162643133383230
63363236666236323566656465323235303139366633623265316534383732653331343937663830
36626661343461656137306631663330616363396334363063323139643065373564323138373936
33653036393630663761323432336166343365353235363037613666643862336264323666383534
35663035643065633836386431663763316434363734663635666232373735333635383333346666
61636164363233323835333535373565343837666330643337613164326238393034333138656336
38653163383638323437353561343666303133626134646333626431346565636463383735356231
61353936613731303031663930653037346365303334313837306237666362366266616362646634
63663936316232333734333137626265633064663834633466316265643637333635306134373837
38356138363765323864393136356134653161356238663134363532636366616539653761396434
38623236336237646431316131303631613139626138353637356333653763613934393265326236
31343361373631363662323163383039386164333337343066633632326439336266386362643866
63643063353961363739306564363537653539383761396262626338353630653538336565313632
36313463326431373331663265373330643763323339303730373261656137666437323061323166
39316536306134666235616465346331336465343434646464393466363830326433633336653161
32356635623938646265353763623461343831313939343839313939626362306438636261383261
63393966613332323435303538313364366565336431663335313634613632343934666137303861
32393736316336363761643031653833613230316566643362333332366162663638
